metadata:2018-05-13 11:27:44
Number,Time,Oxy,Temperature1,Temperature2,Huminity,Lux,Atmospheric Pressure,
0,2018-05-13 11:27:45,0,22,22.22,53,214,1004.27,0
1,2018-05-13 11:27:49,0,22,22.23,55,214,1004.22,0
2,2018-05-13 11:27:53,0.0228,22,22.24,55,214,1004.30,0
3,2018-05-13 11:27:58,0.3496,22,22.25,55,214,1004.27,0
4,2018-05-13 11:28:02,0.3496,22,22.25,55,214,1004.28,0
5,2018-05-13 11:28:06,0.2598,22,22.25,55,214,1004.33,0
6,2018-05-13 11:28:11,0.2143,22,22.25,55,215,1004.30,0
7,2018-05-13 11:28:15,0.1821,22,22.26,55,215,1004.28,0
8,2018-05-13 11:28:19,0.1607,22,22.27,55,215,1004.30,0
9,2018-05-13 11:28:25,0.1379,22,22.28,55,215,1004.28,0
10,2018-05-13 11:28:29,0.1286,22,22.27,55,215,1004.30,0
11,2018-05-13 11:28:33,0.1219,22,22.28,55,215,1004.31,0
12,2018-05-13 11:28:38,0.1138,22,22.29,55,214,1004.34,0
13,2018-05-13 11:28:42,0.1112,22,22.30,55,214,1004.31,0
14,2018-05-13 11:28:46,0.1085,22,22.31,55,214,1004.34,0
15,2018-05-13 11:28:52,0.1085,22,22.30,55,214,1004.31,0
16,2018-05-13 11:28:56,0.1085,22,22.32,55,214,1004.31,0
17,2018-05-13 11:29:00,0.1085,22,22.31,55,214,1004.28,0
18,2018-05-13 11:29:05,0.1058,22,22.32,55,214,1004.31,0
19,2018-05-13 11:29:09,0.1045,22,22.33,55,188,1004.28,0
20,2018-05-13 11:29:13,0.1045,22,22.33,55,261,1004.31,0
21,2018-05-13 11:29:18,0.1045,22,22.34,55,262,1004.31,0
22,2018-05-13 11:29:22,0.1045,22,22.33,55,263,1004.28,0
23,2018-05-13 11:29:26,0.1045,22,22.32,55,263,1004.25,0
24,2018-05-13 11:29:32,0.1058,22,22.33,55,263,1004.34,0
25,2018-05-13 11:29:36,0.1045,22,22.33,55,263,1004.25,0
26,2018-05-13 11:29:40,0.1045,22,22.34,55,263,1004.28,0
27,2018-05-13 11:29:45,0.1031,22,22.35,55,263,1004.28,0
28,2018-05-13 11:29:49,0.1004,22,22.34,55,264,1004.31,0
29,2018-05-13 11:29:53,0.0991,22,22.35,55,264,1004.28,0
30,2018-05-13 11:29:58,0.0964,22,22.35,55,266,1004.28,0
31,2018-05-13 11:30:02,0.0951,22,22.35,55,266,1004.34,0
32,2018-05-13 11:30:06,0.0951,22,22.35,55,266,1004.28,0
33,2018-05-13 11:30:12,0.0938,22,22.36,55,266,1004.23,0
34,2018-05-13 11:30:16,0.0924,22,22.36,55,266,1004.31,0
35,2018-05-13 11:30:20,0.0911,22,22.37,55,266,1004.28,0
36,2018-05-13 11:30:25,0.0911,22,22.37,55,266,1004.28,0
37,2018-05-13 11:30:29,0.0911,22,22.37,55,264,1004.28,0
38,2018-05-13 11:30:33,0.0924,22,22.37,55,266,1004.28,0
39,2018-05-13 11:30:39,0.0911,22,22.38,55,263,1004.29,0
40,2018-05-13 11:30:43,0.0911,22,22.37,55,263,1004.26,0
41,2018-05-13 11:30:47,0.0911,22,22.37,55,262,1004.26,0
42,2018-05-13 11:30:52,0.0911,22,22.37,55,262,1004.34,0
43,2018-05-13 11:30:56,0.0911,22,22.37,55,262,1004.34,0
44,2018-05-13 11:31:00,0.0924,22,22.38,55,263,1004.29,0
45,2018-05-13 11:31:05,0.0911,22,22.38,55,262,1004.29,0
46,2018-05-13 11:31:09,0.0911,22,22.39,55,262,1004.31,0
47,2018-05-13 11:31:13,0.0911,22,22.39,55,219,1004.31,0
48,2018-05-13 11:31:19,0.0924,22,22.38,55,133,1004.23,0
49,2018-05-13 11:31:23,0.0951,22,22.37,56,95,1004.23,0
50,2018-05-13 11:31:27,0.0951,22,22.35,56,35,1004.28,0
51,2018-05-13 11:31:32,0.0991,22,22.36,56,0,1004.28,0
52,2018-05-13 11:31:36,0.1165,22,22.35,56,0,1004.25,0
53,2018-05-13 11:31:40,0.2089,22,22.34,56,0,1004.17,0
54,2018-05-13 11:31:46,0.2987,22,22.34,56,0,1004.25,0
55,2018-05-13 11:31:50,0.3442,22,22.34,56,0,1004.31,0
56,2018-05-13 11:31:54,0.3951,22,22.34,55,0,1004.25,0
57,2018-05-13 11:31:59,0.4527,22,22.33,56,0,1004.28,0
58,2018-05-13 11:32:03,0.4862,22,22.33,55,0,1004.25,0
59,2018-05-13 11:32:07,0.5143,22,22.33,56,0,1004.28,0
60,2018-05-13 11:32:12,0.5478,22,22.32,56,0,1004.31,0
61,2018-05-13 11:32:16,0.5719,22,22.33,55,0,1004.22,0
62,2018-05-13 11:32:20,0.6013,22,22.32,55,0,1004.37,0
63,2018-05-13 11:32:26,0.6295,22,22.31,55,0,1004.25,0
64,2018-05-13 11:32:30,0.6536,22,22.31,55,0,1004.25,0
65,2018-05-13 11:32:34,0.6723,22,22.31,55,0,1004.28,0
66,2018-05-13 11:32:39,0.6964,22,22.29,55,0,1004.25,0
67,2018-05-13 11:32:43,0.7179,22,22.27,56,0,1004.22,0
68,2018-05-13 11:32:47,0.7366,22,22.28,55,0,1004.28,0
69,2018-05-13 11:32:53,0.7554,22,22.27,55,0,1004.22,0
70,2018-05-13 11:32:57,0.7661,22,22.27,55,0,1004.28,0
71,2018-05-13 11:33:01,0.7835,22,22.27,56,0,1004.30,0
72,2018-05-13 11:33:06,0.7996,22,22.26,55,0,1004.30,0
73,2018-05-13 11:33:10,0.8156,22,22.26,56,0,1004.30,0
74,2018-05-13 11:33:14,0.8277,22,22.25,56,0,1004.25,0
75,2018-05-13 11:33:19,0.8397,22,22.24,56,0,1004.36,0
76,2018-05-13 11:33:23,0.8531,22,22.24,56,0,1004.30,0
77,2018-05-13 11:33:27,0.8625,22,22.24,56,0,1004.30,0
78,2018-05-13 11:33:33,0.8799,22,22.23,56,0,1004.36,0
79,2018-05-13 11:33:37,0.8906,22,22.22,56,0,1004.30,0
80,2018-05-13 11:33:41,0.8987,22,22.22,56,0,1004.33,0
81,2018-05-13 11:33:46,0.9080,22,22.22,56,0,1004.30,0
82,2018-05-13 11:33:50,0.9188,22,22.21,56,0,1004.30,0
83,2018-05-13 11:33:54,0.9255,22,22.21,56,0,1004.27,0
84,2018-05-13 11:34:00,0.9335,22,22.20,56,0,1004.24,0
85,2018-05-13 11:34:04,0.9402,22,22.19,56,0,1004.30,0
86,2018-05-13 11:34:08,0.9469,22,22.20,56,0,1004.33,0
87,2018-05-13 11:34:13,0.9549,22,22.19,56,0,1004.30,0
88,2018-05-13 11:34:17,0.9603,22,22.18,56,0,1004.30,0
89,2018-05-13 11:34:21,0.9656,22,22.17,56,0,1004.30,0
90,2018-05-13 11:34:26,0.9723,22,22.17,56,0,1004.21,0
91,2018-05-13 11:34:30,0.9777,22,22.16,56,0,1004.29,0
92,2018-05-13 11:34:34,0.9830,22,22.16,56,0,1004.24,0
93,2018-05-13 11:34:40,0.9897,22,22.15,56,0,1004.26,0
94,2018-05-13 11:34:44,0.9938,22,22.15,56,0,1004.26,0
95,2018-05-13 11:34:48,0.9978,22,22.14,56,0,1004.24,0
96,2018-05-13 11:34:53,1.0045,22,22.13,56,0,1004.29,0
97,2018-05-13 11:34:57,1.0085,22,22.14,56,0,1004.29,0
98,2018-05-13 11:35:01,1.0098,22,22.13,56,0,1004.18,0
99,2018-05-13 11:35:07,1.0139,22,22.12,56,0,1004.23,0
100,2018-05-13 11:35:11,1.0179,22,22.12,56,0,1004.26,0
101,2018-05-13 11:35:15,1.0205,22,22.11,56,0,1004.26,0
102,2018-05-13 11:35:20,1.0246,22,22.11,56,0,1004.26,0
103,2018-05-13 11:35:24,1.0272,22,22.10,56,0,1004.32,0
104,2018-05-13 11:35:28,1.0299,22,22.11,56,0,1004.26,0
105,2018-05-13 11:35:33,1.0339,22,22.09,56,0,1004.34,0
106,2018-05-13 11:35:37,1.0366,22,22.09,56,0,1004.29,0
107,2018-05-13 11:35:41,1.0380,22,22.08,56,0,1004.26,0
108,2018-05-13 11:35:47,1.0420,22,22.07,56,0,1004.23,0
109,2018-05-13 11:35:51,1.0433,22,22.08,56,0,1004.26,0
110,2018-05-13 11:35:55,1.0460,22,22.06,56,0,1004.23,0
111,2018-05-13 11:36:00,1.0473,22,22.06,56,0,1004.28,0
112,2018-05-13 11:36:04,1.0514,22,22.05,56,0,1004.23,0
113,2018-05-13 11:36:08,1.0540,22,22.05,56,0,1004.28,0
114,2018-05-13 11:36:14,1.0554,22,22.05,56,0,1004.26,0
115,2018-05-13 11:36:18,1.0554,22,22.04,56,0,1004.20,0
116,2018-05-13 11:36:22,1.0554,22,22.04,56,0,1004.23,0
117,2018-05-13 11:36:27,1.0594,22,22.03,56,0,1004.23,0
118,2018-05-13 11:36:31,1.0594,22,22.03,56,0,1004.17,0
119,2018-05-13 11:36:35,1.0594,22,22.03,56,0,1004.25,0
120,2018-05-13 11:36:40,1.0594,22,22.03,56,0,1004.23,0
121,2018-05-13 11:36:44,1.0594,22,22.02,56,0,1004.22,0
122,2018-05-13 11:36:48,1.0634,22,22.01,56,0,1004.22,0
123,2018-05-13 11:36:54,1.0634,22,22.02,56,0,1004.25,0
124,2018-05-13 11:36:58,1.0634,21,22.01,56,0,1004.22,0
125,2018-05-13 11:37:02,1.0634,22,22.01,56,0,1004.20,0
126,2018-05-13 11:37:07,1.0634,21,22.01,56,0,1004.25,0
127,2018-05-13 11:37:11,1.0634,21,21.99,56,0,1004.28,0
128,2018-05-13 11:37:15,1.0661,22,22.00,57,0,1004.22,0
129,2018-05-13 11:37:21,1.0688,21,21.99,56,0,1004.22,0
130,2018-05-13 11:37:25,1.0688,21,22.00,56,0,1004.19,0
131,2018-05-13 11:37:29,1.0688,21,21.99,56,0,1004.22,0
132,2018-05-13 11:37:34,1.0688,21,21.99,56,0,1004.19,0
133,2018-05-13 11:37:38,1.0701,21,21.99,56,0,1004.22,0
134,2018-05-13 11:37:42,1.0714,21,21.99,56,0,1004.19,0
135,2018-05-13 11:37:47,1.0728,21,21.98,56,0,1004.22,0
136,2018-05-13 11:37:51,1.0728,21,21.98,56,0,1004.16,0
137,2018-05-13 11:37:55,1.0728,21,21.97,56,0,1004.16,0
138,2018-05-13 11:38:01,1.0728,21,21.97,56,0,1004.22,0
139,2018-05-13 11:38:05,1.0728,21,21.96,56,0,1004.19,0
140,2018-05-13 11:38:09,1.0728,21,21.96,56,0,1004.16,0
141,2018-05-13 11:38:14,1.0701,21,21.96,56,0,1004.16,0
142,2018-05-13 11:38:18,1.0688,21,21.96,56,0,1004.19,0
143,2018-05-13 11:38:22,1.0688,21,21.95,56,0,1004.13,0
144,2018-05-13 11:38:27,1.0688,21,21.95,56,0,1004.16,0
145,2018-05-13 11:38:32,1.0688,21,21.95,56,0,1004.13,0
146,2018-05-13 11:38:36,1.0688,21,21.95,56,0,1004.13,0
147,2018-05-13 11:38:41,1.0688,21,21.94,56,0,1004.19,0
148,2018-05-13 11:38:45,1.0714,21,21.93,56,0,1004.10,0
149,2018-05-13 11:38:49,1.0701,21,21.93,56,0,1004.19,0
150,2018-05-13 11:38:54,1.0688,21,21.93,56,0,1004.13,0
151,2018-05-13 11:38:58,1.0688,21,21.93,56,0,1004.19,0
152,2018-05-13 11:39:02,1.0688,21,21.94,56,0,1004.16,0
153,2018-05-13 11:39:08,1.0688,21,21.92,56,0,1004.10,0
154,2018-05-13 11:39:12,1.0688,21,21.92,56,0,1004.10,0
155,2018-05-13 11:39:16,1.0688,21,21.92,56,0,1004.13,0
156,2018-05-13 11:39:21,1.0688,21,21.92,56,0,1004.05,0
157,2018-05-13 11:39:25,1.0688,21,21.92,56,0,1004.13,0
158,2018-05-13 11:39:29,1.0688,21,21.91,56,0,1004.10,0
159,2018-05-13 11:39:35,1.0634,21,21.92,56,0,1004.16,0
160,2018-05-13 11:39:39,1.0634,21,21.91,56,0,1004.10,0
161,2018-05-13 11:39:43,1.0634,21,21.90,56,0,1004.16,0
162,2018-05-13 11:39:48,1.0634,21,21.91,56,0,1004.16,0
163,2018-05-13 11:39:52,1.0634,21,21.91,56,0,1004.19,0
164,2018-05-13 11:39:56,1.0607,21,21.90,56,0,1004.18,0
165,2018-05-13 11:40:01,1.0594,21,21.90,56,0,1004.16,0
166,2018-05-13 11:40:05,1.0594,21,21.90,56,0,1004.10,0
167,2018-05-13 11:40:09,1.0594,21,21.90,56,0,1004.10,0
168,2018-05-13 11:40:15,1.0580,21,21.89,56,0,1004.16,0
169,2018-05-13 11:40:19,1.0554,21,21.91,56,0,1004.21,0
170,2018-05-13 11:40:23,1.0554,21,21.88,56,0,1004.18,0
171,2018-05-13 11:40:28,1.0554,21,21.89,56,0,1004.21,0
172,2018-05-13 11:40:32,1.0554,21,21.89,56,0,1004.18,0
173,2018-05-13 11:40:36,1.0554,21,21.89,56,0,1004.07,0
174,2018-05-13 11:40:42,1.0554,21,21.89,56,0,1004.18,0
175,2018-05-13 11:40:46,1.0554,21,21.89,56,0,1004.16,0
176,2018-05-13 11:40:50,1.0554,21,21.89,56,0,1004.21,0
177,2018-05-13 11:40:55,1.0540,21,21.88,56,0,1004.16,0
178,2018-05-13 11:40:59,1.0514,21,21.89,56,0,1004.18,0
179,2018-05-13 11:41:03,1.0514,21,21.89,56,0,1004.24,0
180,2018-05-13 11:41:08,1.0514,21,21.88,56,0,1004.18,0
181,2018-05-13 11:41:12,1.0514,21,21.87,56,0,1004.21,0
182,2018-05-13 11:41:16,1.0514,21,21.88,56,0,1004.18,0
183,2018-05-13 11:41:22,1.0514,21,21.88,56,0,1004.24,0
184,2018-05-13 11:41:26,1.0514,21,21.87,56,0,1004.18,0
185,2018-05-13 11:41:30,1.0500,21,21.87,56,0,1004.15,0
186,2018-05-13 11:41:35,1.0473,21,21.87,56,0,1004.18,0
187,2018-05-13 11:41:39,1.0460,21,21.87,56,0,1004.18,0
188,2018-05-13 11:41:43,1.0460,21,21.86,56,0,1004.18,0
189,2018-05-13 11:41:49,1.0460,21,21.87,56,0,1004.18,0
190,2018-05-13 11:41:53,1.0447,21,21.86,56,0,1004.15,0
191,2018-05-13 11:41:57,1.0420,21,21.85,56,0,1004.18,0
192,2018-05-13 11:42:02,1.0420,21,21.86,56,0,1004.18,0
193,2018-05-13 11:42:06,1.0420,21,21.86,56,0,1004.15,0
194,2018-05-13 11:42:10,1.0420,21,21.85,56,0,1004.18,0
195,2018-05-13 11:42:15,1.0393,21,21.85,56,0,1004.13,0
196,2018-05-13 11:42:19,1.0380,21,21.85,56,0,1004.18,0
197,2018-05-13 11:42:23,1.0380,21,21.86,56,0,1004.13,0
198,2018-05-13 11:42:29,1.0380,21,21.85,56,0,1004.18,0
199,2018-05-13 11:42:33,1.0380,21,21.85,56,0,1004.18,0
200,2018-05-13 11:42:37,1.0380,21,21.84,56,0,1004.21,0
201,2018-05-13 11:42:42,1.0339,21,21.85,56,0,1004.21,0
202,2018-05-13 11:42:46,1.0326,21,21.85,56,0,1004.15,0
203,2018-05-13 11:42:50,1.0326,21,21.84,56,0,1004.21,0
204,2018-05-13 11:42:56,1.0326,21,21.85,56,0,1004.18,0
205,2018-05-13 11:43:00,1.0313,21,21.84,56,0,1004.18,0
206,2018-05-13 11:43:04,1.0286,21,21.84,56,0,1004.18,0
207,2018-05-13 11:43:09,1.0286,21,21.84,56,0,1004.21,0
208,2018-05-13 11:43:13,1.0286,21,21.83,56,0,1004.15,0
209,2018-05-13 11:43:17,1.0286,21,21.83,56,0,1004.15,0
210,2018-05-13 11:43:22,1.0286,21,21.85,56,0,1004.24,0
211,2018-05-13 11:43:26,1.0286,21,21.84,56,0,1004.21,0
212,2018-05-13 11:43:30,1.0259,21,21.83,57,0,1004.21,0
213,2018-05-13 11:43:36,1.0246,21,21.83,57,0,1004.18,0
214,2018-05-13 11:43:40,1.0246,21,21.83,56,44,1004.18,0
215,2018-05-13 11:43:44,1.0246,21,21.83,56,0,1004.15,0
216,2018-05-13 11:43:49,1.0219,21,21.83,57,0,1004.12,0
217,2018-05-13 11:43:53,1.0165,21,21.82,57,0,1004.15,0
218,2018-05-13 11:43:57,1.0018,21,21.83,57,0,1004.15,0
219,2018-05-13 11:44:03,0.9670,21,21.83,57,0,1004.12,0
220,2018-05-13 11:44:07,0.9429,21,21.82,57,0,1004.15,0
221,2018-05-13 11:44:11,0.9147,21,21.82,57,0,1004.18,0
222,2018-05-13 11:44:16,0.8933,21,21.81,57,0,1004.15,0
223,2018-05-13 11:44:20,0.8759,21,21.83,57,0,1004.15,0
224,2018-05-13 11:44:24,0.8558,21,21.82,57,0,1004.12,0
225,2018-05-13 11:44:29,0.8397,21,21.82,57,0,1004.18,0
226,2018-05-13 11:44:33,0.8290,21,21.82,57,0,1004.15,0
227,2018-05-13 11:44:37,0.8183,21,21.82,57,0,1004.15,0
228,2018-05-13 11:44:43,0.8076,21,21.82,57,0,1004.15,0
229,2018-05-13 11:44:47,0.8022,21,21.81,57,0,1004.18,0
230,2018-05-13 11:44:51,0.7955,21,21.80,57,0,1004.12,0
231,2018-05-13 11:44:56,0.7888,21,21.81,57,0,1004.18,0
232,2018-05-13 11:45:00,0.7822,21,21.81,57,0,1004.21,0
233,2018-05-13 11:45:04,0.7755,21,21.80,57,0,1004.12,0
234,2018-05-13 11:45:10,0.7661,21,21.81,57,0,1004.18,0
235,2018-05-13 11:45:14,0.7594,21,21.82,57,0,1004.21,0
236,2018-05-13 11:45:18,0.7540,21,21.81,57,0,1004.21,0
237,2018-05-13 11:45:23,0.7500,21,21.81,57,0,1004.21,0
238,2018-05-13 11:45:27,0.7447,21,21.81,58,0,1004.15,0
239,2018-05-13 11:45:31,0.7380,21,21.80,57,0,1004.18,0
240,2018-05-13 11:45:36,0.7339,21,21.80,57,0,1004.15,0
241,2018-05-13 11:45:40,0.7286,21,21.81,57,0,1004.23,0
242,2018-05-13 11:45:44,0.7246,21,21.80,57,0,1004.12,0
243,2018-05-13 11:45:50,0.7192,21,21.80,57,0,1004.09,0
244,2018-05-13 11:45:54,0.7152,21,21.80,58,0,1004.09,0
245,2018-05-13 11:45:58,0.7098,21,21.80,57,0,1004.21,0
246,2018-05-13 11:46:03,0.7058,21,21.81,57,0,1004.21,0
247,2018-05-13 11:46:07,0.7031,21,21.81,57,0,1004.18,0
248,2018-05-13 11:46:11,0.7005,21,21.81,58,0,1004.23,0
249,2018-05-13 11:46:17,0.6951,21,21.80,57,0,1004.21,0
250,2018-05-13 11:46:21,0.6911,21,21.80,57,0,1004.09,0
251,2018-05-13 11:46:25,0.6884,21,21.80,57,0,1004.18,0
252,2018-05-13 11:46:30,0.6844,21,21.80,57,0,1004.15,0
253,2018-05-13 11:46:34,0.6830,21,21.80,57,0,1004.21,0
254,2018-05-13 11:46:38,0.6804,21,21.80,57,0,1004.18,0
255,2018-05-13 11:46:43,0.6750,21,21.80,57,0,1004.23,0
256,2018-05-13 11:46:47,0.6723,21,21.80,58,0,1004.15,0
257,2018-05-13 11:46:51,0.6710,21,21.80,58,0,1004.15,0
258,2018-05-13 11:46:57,0.6670,21,21.80,57,0,1004.20,0
259,2018-05-13 11:47:01,0.6670,21,21.80,57,0,1004.18,0
260,2018-05-13 11:47:05,0.6643,21,21.80,57,0,1004.21,0
261,2018-05-13 11:47:10,0.6616,21,21.80,57,0,1004.15,0
262,2018-05-13 11:47:14,0.6589,21,21.80,58,0,1004.21,0
263,2018-05-13 11:47:18,0.6576,21,21.81,58,0,1004.23,0
264,2018-05-13 11:47:24,0.6549,21,21.80,57,0,1004.20,0
265,2018-05-13 11:47:28,0.6536,21,21.80,58,0,1004.26,0
266,2018-05-13 11:47:32,0.6536,21,21.80,58,0,1004.29,0
267,2018-05-13 11:47:37,0.6496,21,21.80,58,0,1004.26,0
268,2018-05-13 11:47:41,0.6496,21,21.80,58,0,1004.23,0
269,2018-05-13 11:47:45,0.6496,21,21.81,58,0,1004.18,0
270,2018-05-13 11:47:50,0.6469,21,21.80,58,0,1004.21,0
271,2018-05-13 11:47:54,0.6455,21,21.80,58,0,1004.23,0
272,2018-05-13 11:47:58,0.6455,21,21.80,58,0,1004.20,0
273,2018-05-13 11:48:04,0.6455,21,21.80,58,0,1004.23,0
274,2018-05-13 11:48:08,0.6415,21,21.80,58,0,1004.18,0
275,2018-05-13 11:48:12,0.6402,21,21.80,58,0,1004.15,0
276,2018-05-13 11:48:17,0.6362,21,21.81,58,0,1004.23,0
277,2018-05-13 11:48:21,0.6362,21,21.81,58,0,1004.23,0
278,2018-05-13 11:48:25,0.6362,21,21.80,58,0,1004.23,0
279,2018-05-13 11:48:31,0.6362,21,21.80,58,0,1004.29,0
280,2018-05-13 11:48:35,0.6348,21,21.80,58,0,1004.18,0
281,2018-05-13 11:48:39,0.6321,21,21.79,58,0,1004.23,0
282,2018-05-13 11:48:44,0.6321,21,21.81,58,0,1004.29,0
283,2018-05-13 11:48:48,0.6308,21,21.80,58,0,1004.20,0
284,2018-05-13 11:48:52,0.6281,21,21.80,58,0,1004.23,0
285,2018-05-13 11:48:57,0.6281,21,21.79,58,0,1004.20,0
286,2018-05-13 11:49:01,0.6281,21,21.80,58,0,1004.20,0
287,2018-05-13 11:49:05,0.6281,21,21.79,58,0,1004.20,0
288,2018-05-13 11:49:11,0.6281,21,21.79,58,0,1004.20,0
289,2018-05-13 11:49:15,0.6281,21,21.80,58,0,1004.20,0
290,2018-05-13 11:49:19,0.6268,21,21.80,58,0,1004.29,0
291,2018-05-13 11:49:24,0.6228,21,21.79,58,0,1004.20,0
292,2018-05-13 11:49:28,0.6228,21,21.80,58,0,1004.20,0
293,2018-05-13 11:49:32,0.6228,21,21.80,57,0,1004.23,0
294,2018-05-13 11:49:38,0.6228,21,21.80,58,0,1004.20,0
295,2018-05-13 11:49:42,0.6228,21,21.79,58,0,1004.20,0
296,2018-05-13 11:49:46,0.6201,21,21.80,58,0,1004.29,0
297,2018-05-13 11:49:51,0.6188,21,21.80,58,0,1004.23,0
298,2018-05-13 11:49:55,0.6188,21,21.80,58,0,1004.23,0
299,2018-05-13 11:49:59,0.6188,21,21.80,58,0,1004.18,0
300,2018-05-13 11:50:04,0.6188,21,21.80,58,0,1004.21,0
301,2018-05-13 11:50:08,0.6188,21,21.80,58,0,1004.21,0
302,2018-05-13 11:50:13,0.6188,21,21.80,58,0,1004.26,0
303,2018-05-13 11:50:18,0.6188,21,21.79,58,0,1004.20,0
304,2018-05-13 11:50:22,0.6188,21,21.79,58,0,1004.20,0
305,2018-05-13 11:50:26,0.6188,21,21.80,58,0,1004.23,0
306,2018-05-13 11:50:31,0.6188,21,21.79,58,0,1004.23,0
307,2018-05-13 11:50:35,0.6188,21,21.80,58,0,1004.26,0
308,2018-05-13 11:50:39,0.6161,21,21.79,58,0,1004.23,0
309,2018-05-13 11:50:45,0.6147,21,21.80,58,0,1004.29,0
310,2018-05-13 11:50:49,0.6147,21,21.80,58,0,1004.21,0
311,2018-05-13 11:50:53,0.6147,21,21.80,58,0,1004.21,0
312,2018-05-13 11:50:58,0.6147,21,21.80,58,0,1004.20,0
313,2018-05-13 11:51:02,0.6147,21,21.80,58,0,1004.20,0
314,2018-05-13 11:51:06,0.6147,21,21.80,58,0,1004.21,0
315,2018-05-13 11:51:11,0.6147,21,21.78,58,0,1004.23,0
316,2018-05-13 11:51:15,0.6147,21,21.79,58,0,1004.23,0
317,2018-05-13 11:51:20,0.6147,21,21.80,58,0,1004.21,0
318,2018-05-13 11:51:25,0.6147,21,21.79,58,0,1004.26,0
319,2018-05-13 11:51:29,0.6147,21,21.79,58,0,1004.23,0
320,2018-05-13 11:51:33,0.6147,21,21.79,58,0,1004.15,0
321,2018-05-13 11:51:38,0.6147,21,21.79,58,0,1004.20,0
322,2018-05-13 11:51:42,0.6147,21,21.79,57,0,1004.23,0
323,2018-05-13 11:51:46,0.6147,21,21.78,58,0,1004.18,0
324,2018-05-13 11:51:52,0.6147,21,21.79,58,0,1004.18,0
325,2018-05-13 11:51:56,0.6147,21,21.79,58,0,1004.23,0
326,2018-05-13 11:52:00,0.6147,21,21.80,58,0,1004.26,0
327,2018-05-13 11:52:05,0.6134,21,21.80,58,0,1004.23,0
328,2018-05-13 11:52:09,0.6107,21,21.80,58,0,1004.21,0
329,2018-05-13 11:52:13,0.6107,21,21.79,58,0,1004.18,0
330,2018-05-13 11:52:19,0.6107,21,21.79,58,0,1004.15,0
331,2018-05-13 11:52:23,0.6107,21,21.80,58,0,1004.23,0
332,2018-05-13 11:52:27,0.6107,21,21.80,58,0,1004.18,0
333,2018-05-13 11:52:32,0.6107,21,21.79,58,0,1004.20,0
334,2018-05-13 11:52:36,0.6107,21,21.80,58,0,1004.23,0
335,2018-05-13 11:52:40,0.6107,21,21.79,58,0,1004.18,0
336,2018-05-13 11:52:45,0.6107,21,21.81,58,0,1004.18,0
337,2018-05-13 11:52:49,0.6107,21,21.80,58,0,1004.23,0
338,2018-05-13 11:52:53,0.6107,21,21.79,58,0,1004.20,0
339,2018-05-13 11:52:59,0.6107,21,21.80,58,0,1004.23,0
340,2018-05-13 11:53:03,0.6107,21,21.80,58,0,1004.20,0
341,2018-05-13 11:53:07,0.6107,21,21.79,58,0,1004.23,0
342,2018-05-13 11:53:12,0.6107,21,21.80,58,0,1004.20,0
343,2018-05-13 11:53:16,0.6107,21,21.81,58,0,1004.29,0
344,2018-05-13 11:53:20,0.6107,21,21.81,58,0,1004.18,0
345,2018-05-13 11:53:25,0.6094,21,21.79,58,0,1004.23,0
346,2018-05-13 11:53:30,0.6067,21,21.80,58,0,1004.23,0
347,2018-05-13 11:53:34,0.6054,21,21.81,58,0,1004.23,0
348,2018-05-13 11:53:39,0.6054,21,21.80,58,0,1004.20,0
349,2018-05-13 11:53:43,0.6054,21,21.80,58,0,1004.21,0
350,2018-05-13 11:53:47,0.6054,21,21.81,58,0,1004.23,0
351,2018-05-13 11:53:52,0.6054,21,21.81,58,0,1004.23,0
352,2018-05-13 11:53:56,0.6054,21,21.80,58,0,1004.21,0
353,2018-05-13 11:54:00,0.6054,21,21.80,58,0,1004.20,0
354,2018-05-13 11:54:06,0.6040,21,21.80,58,0,1004.26,0
355,2018-05-13 11:54:10,0.6054,21,21.81,58,0,1004.23,0
356,2018-05-13 11:54:14,0.6027,21,21.80,58,0,1004.23,0
357,2018-05-13 11:54:19,0.6013,21,21.80,58,0,1004.20,0
358,2018-05-13 11:54:23,0.6013,21,21.80,58,0,1004.18,0
359,2018-05-13 11:54:27,0.6013,21,21.80,58,0,1004.23,0
360,2018-05-13 11:54:33,0.6013,21,21.81,58,0,1004.23,0
361,2018-05-13 11:54:37,0.6013,21,21.80,58,0,1004.23,0
362,2018-05-13 11:54:41,0.6013,21,21.80,58,0,1004.18,0
363,2018-05-13 11:54:46,0.6013,21,21.80,58,0,1004.20,0
364,2018-05-13 11:54:50,0.6013,21,21.80,58,0,1004.20,0
365,2018-05-13 11:54:54,0.6013,21,21.80,58,0,1004.18,0
366,2018-05-13 11:54:59,0.6013,21,21.80,58,0,1004.18,0
367,2018-05-13 11:55:03,0.6013,21,21.81,58,0,1004.23,0
368,2018-05-13 11:55:07,0.6013,21,21.80,58,0,1004.15,0
369,2018-05-13 11:55:13,0.6013,21,21.80,58,0,1004.15,0
370,2018-05-13 11:55:17,0.6013,21,21.80,58,0,1004.20,0
371,2018-05-13 11:55:21,0.6013,21,21.80,58,0,1004.20,0
372,2018-05-13 11:55:26,0.6013,21,21.79,58,0,1004.20,0
373,2018-05-13 11:55:30,0.6013,21,21.80,58,0,1004.20,0
374,2018-05-13 11:55:34,0.6013,21,21.80,58,0,1004.15,0
375,2018-05-13 11:55:40,0.6013,21,21.80,58,0,1004.20,0
376,2018-05-13 11:55:44,0.6013,21,21.80,58,0,1004.21,0
377,2018-05-13 11:55:48,0.6013,21,21.80,58,0,1004.18,0
378,2018-05-13 11:55:53,0.5973,21,21.81,58,0,1004.18,0
379,2018-05-13 11:55:57,0.5973,21,21.79,58,0,1004.15,0
380,2018-05-13 11:56:01,0.5973,21,21.80,58,0,1004.20,0
381,2018-05-13 11:56:06,0.6013,21,21.80,58,0,1004.15,0
382,2018-05-13 11:56:10,0.5987,21,21.80,58,0,1004.20,0
383,2018-05-13 11:56:14,0.5973,21,21.80,58,0,1004.20,0
384,2018-05-13 11:56:20,0.5973,21,21.81,58,0,1004.32,0
385,2018-05-13 11:56:24,0.5973,21,21.80,58,0,1004.21,0
386,2018-05-13 11:56:28,0.5973,21,21.80,58,0,1004.18,0
387,2018-05-13 11:56:33,0.5973,21,21.80,58,0,1004.18,0
388,2018-05-13 11:56:37,0.5973,21,21.80,58,0,1004.23,0
389,2018-05-13 11:56:41,0.5973,21,21.80,58,0,1004.15,0
390,2018-05-13 11:56:47,0.5973,21,21.80,58,0,1004.18,0
391,2018-05-13 11:56:51,0.5973,21,21.81,58,0,1004.21,0
392,2018-05-13 11:56:55,0.5973,21,21.80,58,0,1004.18,0
393,2018-05-13 11:57:00,0.5973,21,21.80,58,0,1004.21,0
394,2018-05-13 11:57:04,0.5973,21,21.80,58,0,1004.21,0
395,2018-05-13 11:57:08,0.5973,21,21.80,58,0,1004.23,0
396,2018-05-13 11:57:13,0.5973,21,21.81,58,0,1004.21,0
397,2018-05-13 11:57:17,0.5973,21,21.80,58,0,1004.20,0
398,2018-05-13 11:57:21,0.5973,21,21.81,58,0,1004.23,0
399,2018-05-13 11:57:27,0.5973,21,21.81,58,0,1004.18,0
400,2018-05-13 11:57:31,0.5973,21,21.81,58,0,1004.21,0
401,2018-05-13 11:57:35,0.5973,21,21.80,58,0,1004.21,0
402,2018-05-13 11:57:40,0.5973,21,21.81,58,0,1004.23,0
403,2018-05-13 11:57:44,0.5973,21,21.80,58,0,1004.15,0
404,2018-05-13 11:57:48,0.5973,21,21.81,58,0,1004.23,0
405,2018-05-13 11:57:54,0.5973,21,21.81,58,0,1004.12,0
406,2018-05-13 11:57:58,0.5973,21,21.80,58,0,1004.12,0
407,2018-05-13 11:58:02,0.5973,21,21.81,58,0,1004.23,0
408,2018-05-13 11:58:07,0.5973,21,21.81,58,0,1004.18,0
409,2018-05-13 11:58:11,0.5973,21,21.80,58,0,1004.18,0
410,2018-05-13 11:58:15,0.5973,21,21.81,58,0,1004.18,0
411,2018-05-13 11:58:20,0.5973,21,21.81,58,0,1004.23,0
412,2018-05-13 11:58:24,0.5973,21,21.82,58,0,1004.15,0
413,2018-05-13 11:58:28,0.5973,21,21.82,58,0,1004.21,0
414,2018-05-13 11:58:34,0.5973,21,21.81,58,0,1004.18,0
415,2018-05-13 11:58:38,0.5973,21,21.82,58,0,1004.18,0
416,2018-05-13 11:58:42,0.5973,21,21.82,58,0,1004.15,0
417,2018-05-13 11:58:47,0.5973,21,21.81,58,0,1004.12,0
418,2018-05-13 11:58:51,0.5973,21,21.82,58,0,1004.18,0
419,2018-05-13 11:58:55,0.5973,21,21.81,58,0,1004.15,0
420,2018-05-13 11:59:01,0.5973,21,21.81,58,0,1004.15,0
421,2018-05-13 11:59:05,0.5973,21,21.81,58,0,1004.21,0
422,2018-05-13 11:59:09,0.5973,21,21.82,58,0,1004.15,0
423,2018-05-13 11:59:14,0.6000,21,21.82,58,0,1004.26,0
424,2018-05-13 11:59:18,0.6013,21,21.81,58,0,1004.12,0
425,2018-05-13 11:59:22,0.6013,21,21.81,58,0,1004.12,0
426,2018-05-13 11:59:27,0.6013,21,21.81,58,0,1004.12,0
427,2018-05-13 11:59:31,0.6013,21,21.81,58,0,1004.23,0
428,2018-05-13 11:59:35,0.6013,21,21.81,58,0,1004.18,0
429,2018-05-13 11:59:41,0.6013,21,21.81,58,0,1004.15,0
430,2018-05-13 11:59:45,0.6013,21,21.81,58,0,1004.21,0
431,2018-05-13 11:59:49,0.6013,21,21.81,58,0,1004.18,0
432,2018-05-13 11:59:54,0.6013,21,21.81,57,0,1004.21,0
433,2018-05-13 11:59:58,0.6013,21,21.81,58,0,1004.21,0
434,2018-05-13 12:00:02,0.6013,21,21.81,58,0,1004.12,0
435,2018-05-13 12:00:08,0.6013,21,21.81,58,0,1004.21,0
436,2018-05-13 12:00:12,0.6013,21,21.81,58,0,1004.18,0
437,2018-05-13 12:00:16,0.6013,21,21.81,58,0,1004.18,0
438,2018-05-13 12:00:21,0.6013,21,21.81,58,0,1004.21,0
439,2018-05-13 12:00:25,0.6013,21,21.81,58,0,1004.23,0
440,2018-05-13 12:00:29,0.6013,21,21.82,58,0,1004.15,0
441,2018-05-13 12:00:34,0.6013,21,21.81,58,0,1004.15,0
442,2018-05-13 12:00:38,0.6013,21,21.81,58,0,1004.15,0
443,2018-05-13 12:00:42,0.6013,21,21.81,58,0,1004.15,0
444,2018-05-13 12:00:48,0.6013,21,21.82,58,0,1004.21,0
445,2018-05-13 12:00:52,0.6013,21,21.80,58,0,1004.12,0
446,2018-05-13 12:00:56,0.6013,21,21.81,58,0,1004.12,0
447,2018-05-13 12:01:01,0.6013,21,21.81,58,0,1004.15,0
448,2018-05-13 12:01:05,0.6013,21,21.82,58,0,1004.12,0
449,2018-05-13 12:01:09,0.6013,21,21.82,58,0,1004.12,0
450,2018-05-13 12:01:15,0.6013,21,21.82,58,0,1004.18,0
451,2018-05-13 12:01:19,0.6013,21,21.81,58,0,1004.21,0
452,2018-05-13 12:01:23,0.6040,21,21.81,58,0,1004.12,0
453,2018-05-13 12:01:28,0.6054,21,21.81,58,0,1004.15,0
454,2018-05-13 12:01:32,0.6054,21,21.82,58,0,1004.18,0
455,2018-05-13 12:01:36,0.6054,21,21.82,58,0,1004.23,0
456,2018-05-13 12:01:41,0.6054,21,21.82,58,0,1004.15,0
457,2018-05-13 12:01:45,0.6054,21,21.82,58,0,1004.18,0
458,2018-05-13 12:01:49,0.6054,21,21.82,58,0,1004.18,0
459,2018-05-13 12:01:55,0.6054,21,21.82,58,0,1004.15,0
460,2018-05-13 12:01:59,0.6054,21,21.81,58,0,1004.09,0
461,2018-05-13 12:02:03,0.6054,21,21.82,58,0,1004.15,0
462,2018-05-13 12:02:08,0.6054,21,21.82,58,0,1004.15,0
463,2018-05-13 12:02:12,0.6054,21,21.82,58,0,1004.21,0
464,2018-05-13 12:02:16,0.6054,21,21.81,58,0,1004.18,0
465,2018-05-13 12:02:22,0.6054,21,21.82,58,0,1004.15,0
466,2018-05-13 12:02:26,0.6054,21,21.82,58,0,1004.15,0
467,2018-05-13 12:02:30,0.6054,21,21.82,58,0,1004.12,0
468,2018-05-13 12:02:35,0.6054,21,21.81,58,0,1004.15,0
469,2018-05-13 12:02:39,0.6054,21,21.81,58,0,1004.18,0
470,2018-05-13 12:02:43,0.6054,21,21.81,58,0,1004.12,0
471,2018-05-13 12:02:48,0.6080,21,21.81,58,0,1004.12,0
472,2018-05-13 12:02:52,0.6107,21,21.81,58,0,1004.23,0
473,2018-05-13 12:02:56,0.6107,21,21.81,58,0,1004.18,0
474,2018-05-13 12:03:02,0.6107,21,21.81,58,0,1004.21,0
475,2018-05-13 12:03:06,0.6080,21,21.81,58,0,1004.21,0
476,2018-05-13 12:03:10,0.6054,21,21.81,58,0,1004.21,0
477,2018-05-13 12:03:15,0.6080,21,21.81,58,0,1004.15,0
478,2018-05-13 12:03:19,0.6107,21,21.81,58,0,1004.12,0
479,2018-05-13 12:03:23,0.6107,21,21.82,58,0,1004.18,0
480,2018-05-13 12:03:29,0.6107,21,21.81,58,0,1004.12,0
481,2018-05-13 12:03:33,0.6107,21,21.80,58,0,1004.12,0
482,2018-05-13 12:03:37,0.6107,21,21.81,58,0,1004.18,0
483,2018-05-13 12:03:42,0.6107,21,21.81,58,0,1004.12,0
484,2018-05-13 12:03:46,0.6107,21,21.80,58,0,1004.15,0
485,2018-05-13 12:03:50,0.6107,21,21.80,58,0,1004.21,0
486,2018-05-13 12:03:55,0.6107,21,21.80,58,0,1004.20,0
487,2018-05-13 12:03:59,0.6107,21,21.80,58,0,1004.12,0
488,2018-05-13 12:04:03,0.6107,21,21.80,58,0,1004.18,0
489,2018-05-13 12:04:09,0.6107,21,21.80,58,0,1004.09,0
490,2018-05-13 12:04:13,0.6107,21,21.80,58,0,1004.15,0
491,2018-05-13 12:04:17,0.6107,21,21.79,58,0,1004.09,0
492,2018-05-13 12:04:22,0.6107,21,21.80,58,0,1004.18,0
493,2018-05-13 12:04:26,0.6107,21,21.81,58,0,1004.18,0
494,2018-05-13 12:04:30,0.6107,21,21.80,58,0,1004.09,0
495,2018-05-13 12:04:36,0.6107,21,21.80,58,0,1004.15,0
496,2018-05-13 12:04:40,0.6107,21,21.80,58,0,1004.12,0
497,2018-05-13 12:04:44,0.6107,21,21.80,58,0,1004.07,0
498,2018-05-13 12:04:49,0.6107,21,21.80,58,0,1004.12,0
499,2018-05-13 12:04:53,0.6107,21,21.80,58,0,1004.15,0
500,2018-05-13 12:04:57,0.6107,21,21.80,58,0,1004.09,0
501,2018-05-13 12:05:03,0.6107,21,21.80,58,0,1004.09,0
502,2018-05-13 12:05:07,0.6121,21,21.80,58,0,1004.15,0
503,2018-05-13 12:05:11,0.6147,21,21.80,58,0,1004.09,0
504,2018-05-13 12:05:16,0.6147,21,21.80,58,0,1004.09,0
505,2018-05-13 12:05:20,0.6147,21,21.80,58,0,1004.12,0
506,2018-05-13 12:05:24,0.6147,21,21.80,58,0,1004.09,0
507,2018-05-13 12:05:29,0.6147,21,21.80,58,0,1004.12,0
508,2018-05-13 12:05:33,0.6147,21,21.80,58,0,1004.06,0
509,2018-05-13 12:05:37,0.6147,21,21.80,58,0,1004.09,0
510,2018-05-13 12:05:43,0.6147,21,21.80,58,0,1004.04,0
511,2018-05-13 12:05:47,0.6147,21,21.81,58,0,1004.15,0
512,2018-05-13 12:05:51,0.6147,21,21.80,58,0,1004.09,0
513,2018-05-13 12:05:56,0.6147,21,21.80,58,0,1004.09,0
514,2018-05-13 12:06:00,0.6147,21,21.81,58,0,1004.15,0
515,2018-05-13 12:06:04,0.6174,21,21.80,58,0,1004.06,0
516,2018-05-13 12:06:10,0.6188,21,21.81,58,0,1004.15,0
517,2018-05-13 12:06:14,0.6188,21,21.79,58,0,1004.15,0
518,2018-05-13 12:06:18,0.6188,21,21.80,58,0,1004.07,0
519,2018-05-13 12:06:23,0.6188,21,21.81,58,0,1004.12,0
520,2018-05-13 12:06:27,0.6188,21,21.81,58,0,1004.09,0
521,2018-05-13 12:06:31,0.6188,21,21.81,58,0,1004.12,0
522,2018-05-13 12:06:36,0.6188,21,21.81,58,0,1004.07,0
523,2018-05-13 12:06:40,0.6188,21,21.80,58,0,1004.07,0
524,2018-05-13 12:06:44,0.6188,21,21.81,58,0,1004.09,0
525,2018-05-13 12:06:50,0.6188,21,21.80,58,0,1004.07,0
526,2018-05-13 12:06:54,0.6188,21,21.82,58,0,1004.07,0
527,2018-05-13 12:06:58,0.6188,21,21.81,58,0,1004.07,0
528,2018-05-13 12:07:03,0.6188,21,21.81,58,0,1004.15,0
529,2018-05-13 12:07:07,0.6201,21,21.82,58,0,1004.09,0
530,2018-05-13 12:07:11,0.6228,21,21.82,58,0,1004.01,0
531,2018-05-13 12:07:17,0.6228,21,21.82,58,0,1004.18,0
532,2018-05-13 12:07:21,0.6228,21,21.82,58,0,1004.15,0
533,2018-05-13 12:07:25,0.6228,21,21.82,58,0,1004.07,0
534,2018-05-13 12:07:30,0.6228,21,21.81,58,0,1004.12,0
535,2018-05-13 12:07:34,0.6228,21,21.83,58,0,1004.15,0
536,2018-05-13 12:07:38,0.6228,21,21.82,58,0,1004.07,0
537,2018-05-13 12:07:43,0.6228,21,21.83,58,0,1004.12,0
538,2018-05-13 12:07:47,0.6228,21,21.82,58,0,1004.12,0
539,2018-05-13 12:07:51,0.6228,21,21.82,58,0,1004.09,0
540,2018-05-13 12:07:57,0.6228,21,21.81,58,0,1004.12,0
541,2018-05-13 12:08:01,0.6228,21,21.82,58,0,1004.09,0
542,2018-05-13 12:08:05,0.6228,21,21.82,58,0,1004.12,0
543,2018-05-13 12:08:10,0.6228,21,21.82,58,0,1004.12,0
544,2018-05-13 12:08:14,0.6228,21,21.83,58,0,1004.15,0
545,2018-05-13 12:08:18,0.6228,21,21.81,58,0,1004.01,0
546,2018-05-13 12:08:24,0.6228,21,21.82,58,0,1004.12,0
547,2018-05-13 12:08:28,0.6228,21,21.82,58,0,1004.04,0
548,2018-05-13 12:08:32,0.6228,21,21.82,58,0,1004.07,0
549,2018-05-13 12:08:37,0.6228,21,21.82,58,0,1004.09,0
550,2018-05-13 12:08:41,0.6228,21,21.82,58,0,1004.07,0
551,2018-05-13 12:08:45,0.6241,21,21.82,58,0,1004.04,0
552,2018-05-13 12:08:50,0.6281,21,21.82,58,0,1004.07,0
553,2018-05-13 12:08:54,0.6281,21,21.82,58,0,1004.12,0
554,2018-05-13 12:08:58,0.6281,21,21.82,58,0,1004.07,0
555,2018-05-13 12:09:04,0.6281,21,21.83,58,0,1004.10,0
556,2018-05-13 12:09:08,0.6281,21,21.82,58,0,1004.09,0
557,2018-05-13 12:09:12,0.6281,21,21.82,58,0,1004.07,0
558,2018-05-13 12:09:17,0.6281,21,21.82,58,0,1004.09,0
559,2018-05-13 12:09:21,0.6281,21,21.83,58,0,1004.04,0
560,2018-05-13 12:09:25,0.6281,21,21.83,58,0,1004.07,0
561,2018-05-13 12:09:31,0.6281,21,21.82,58,0,1004.07,0
562,2018-05-13 12:09:35,0.6281,21,21.83,58,0,1004.04,0
563,2018-05-13 12:09:39,0.6281,21,21.83,58,0,1004.04,0
564,2018-05-13 12:09:44,0.6281,21,21.83,58,0,1004.10,0
565,2018-05-13 12:09:48,0.6281,21,21.83,58,0,1004.04,0
566,2018-05-13 12:09:52,0.6281,21,21.83,58,0,1004.04,0
567,2018-05-13 12:09:57,0.6281,21,21.83,58,0,1004.07,0
568,2018-05-13 12:10:01,0.6281,21,21.83,58,0,1004.04,0
569,2018-05-13 12:10:05,0.6281,21,21.83,58,0,1004.07,0
570,2018-05-13 12:10:11,0.6281,21,21.84,58,0,1004.12,0
571,2018-05-13 12:10:15,0.6281,21,21.83,58,0,1004.12,0
572,2018-05-13 12:10:19,0.6281,21,21.83,58,0,1004.04,0
573,2018-05-13 12:10:24,0.6281,21,21.83,58,0,1004.10,0
574,2018-05-13 12:10:28,0.6281,21,21.83,58,0,1004.07,0
575,2018-05-13 12:10:32,0.6321,21,21.83,58,0,1004.04,0
576,2018-05-13 12:10:38,0.6321,21,21.83,58,0,1004.04,0
577,2018-05-13 12:10:42,0.6321,21,21.83,58,0,1004.04,0
578,2018-05-13 12:10:46,0.6321,21,21.83,58,0,1004.01,0
579,2018-05-13 12:10:51,0.6321,21,21.83,58,0,1004.04,0
580,2018-05-13 12:10:55,0.6321,21,21.83,58,0,1004.04,0
581,2018-05-13 12:10:59,0.6321,21,21.83,58,0,1004.04,0
582,2018-05-13 12:11:04,0.6321,21,21.83,57,0,1004.04,0
583,2018-05-13 12:11:08,0.6321,21,21.83,58,0,1004.07,0
584,2018-05-13 12:11:12,0.6321,21,21.84,58,0,1004.07,0
585,2018-05-13 12:11:18,0.6321,21,21.83,58,0,1004.01,0
586,2018-05-13 12:11:22,0.6321,21,21.84,58,0,1003.98,0
587,2018-05-13 12:11:26,0.6321,21,21.83,58,0,1003.98,0
588,2018-05-13 12:11:31,0.6321,21,21.84,58,0,1003.98,0
589,2018-05-13 12:11:35,0.6321,21,21.83,58,0,1003.96,0
590,2018-05-13 12:11:39,0.6321,21,21.84,58,0,1003.96,0
591,2018-05-13 12:11:45,0.6321,21,21.84,58,0,1003.98,0
592,2018-05-13 12:11:49,0.6321,21,21.84,58,0,1003.98,0
593,2018-05-13 12:11:53,0.6321,21,21.84,58,0,1003.98,0
594,2018-05-13 12:11:58,0.6321,21,21.84,58,0,1004.01,0
595,2018-05-13 12:12:02,0.6321,21,21.84,58,0,1004.04,0
596,2018-05-13 12:12:06,0.6321,21,21.84,58,0,1003.98,0
597,2018-05-13 12:12:11,0.6321,21,21.84,58,0,1004.01,0
598,2018-05-13 12:12:15,0.6321,21,21.84,58,0,1004.04,0
599,2018-05-13 12:12:19,0.6321,21,21.84,58,0,1003.98,0
600,2018-05-13 12:12:25,0.6321,21,21.85,58,0,1003.98,0
601,2018-05-13 12:12:29,0.6321,21,21.85,58,0,1003.96,0
602,2018-05-13 12:12:33,0.6321,21,21.85,58,0,1003.98,0
603,2018-05-13 12:12:38,0.6321,21,21.84,58,0,1004.01,0
604,2018-05-13 12:12:42,0.6321,21,21.84,58,0,1003.98,0
605,2018-05-13 12:12:46,0.6321,21,21.84,58,0,1003.98,0
606,2018-05-13 12:12:52,0.6321,21,21.85,58,0,1003.98,0
607,2018-05-13 12:12:56,0.6348,21,21.84,58,0,1003.93,0
608,2018-05-13 12:13:00,0.6362,21,21.85,58,0,1004.01,0
609,2018-05-13 12:13:05,0.6362,21,21.84,58,0,1003.87,0
610,2018-05-13 12:13:09,0.6362,21,21.84,58,0,1004.01,0
611,2018-05-13 12:13:13,0.6362,21,21.84,58,0,1003.98,0
612,2018-05-13 12:13:18,0.6362,21,21.84,58,0,1004.01,0
613,2018-05-13 12:13:22,0.6362,21,21.84,58,0,1003.98,0
614,2018-05-13 12:13:26,0.6362,21,21.83,58,0,1003.98,0
615,2018-05-13 12:13:32,0.6362,21,21.84,58,0,1003.93,0
616,2018-05-13 12:13:36,0.6362,21,21.85,58,0,1004.01,0
617,2018-05-13 12:13:40,0.6362,21,21.85,58,0,1003.96,0
618,2018-05-13 12:13:45,0.6362,21,21.83,58,0,1003.93,0
619,2018-05-13 12:13:49,0.6362,21,21.83,58,0,1003.98,0
620,2018-05-13 12:13:53,0.6362,21,21.84,58,0,1004.01,0
621,2018-05-13 12:13:59,0.6362,21,21.84,58,0,1003.96,0
622,2018-05-13 12:14:03,0.6362,21,21.84,58,0,1003.96,0
623,2018-05-13 12:14:07,0.6362,21,21.84,58,0,1003.93,0
624,2018-05-13 12:14:12,0.6362,21,21.84,58,0,1003.96,0
625,2018-05-13 12:14:16,0.6362,21,21.84,58,0,1003.96,0
626,2018-05-13 12:14:20,0.6362,21,21.84,58,0,1003.96,0
627,2018-05-13 12:14:25,0.6362,21,21.84,58,0,1003.96,0
628,2018-05-13 12:14:29,0.6362,21,21.84,58,0,1003.93,0
629,2018-05-13 12:14:33,0.6362,21,21.84,58,0,1003.98,0
630,2018-05-13 12:14:39,0.6362,21,21.85,58,0,1003.93,0
631,2018-05-13 12:14:43,0.6335,21,21.84,58,0,1003.90,0
632,2018-05-13 12:14:47,0.6321,21,21.83,58,0,1003.90,0
633,2018-05-13 12:14:52,0.6321,21,21.84,58,0,1003.98,0
634,2018-05-13 12:14:56,0.6321,21,21.84,58,0,1003.96,0
635,2018-05-13 12:15:00,0.6321,21,21.83,58,0,1003.96,0
636,2018-05-13 12:15:06,0.6321,21,21.84,58,0,1003.93,0
637,2018-05-13 12:15:10,0.6321,21,21.84,58,0,1003.96,0
638,2018-05-13 12:15:14,0.6321,21,21.84,58,0,1003.90,0
639,2018-05-13 12:15:19,0.6321,21,21.85,58,0,1003.98,0
640,2018-05-13 12:15:23,0.6321,21,21.84,58,0,1003.98,0
641,2018-05-13 12:15:27,0.6321,21,21.84,58,0,1003.90,0
642,2018-05-13 12:15:32,0.6321,21,21.84,58,0,1003.96,0
643,2018-05-13 12:15:36,0.6321,21,21.84,58,0,1003.90,0
644,2018-05-13 12:15:40,0.6295,21,21.84,58,0,1003.90,0
645,2018-05-13 12:15:46,0.6281,21,21.85,58,0,1003.90,0
646,2018-05-13 12:15:50,0.6281,21,21.84,58,0,1003.90,0
647,2018-05-13 12:15:54,0.6281,21,21.85,58,0,1003.93,0
648,2018-05-13 12:15:59,0.6281,21,21.85,58,0,1003.90,0
649,2018-05-13 12:16:03,0.6281,21,21.84,58,0,1003.93,0
650,2018-05-13 12:16:07,0.6281,21,21.84,58,0,1003.96,0
651,2018-05-13 12:16:13,0.6281,21,21.86,58,0,1003.90,0
652,2018-05-13 12:16:17,0.6281,21,21.84,58,0,1003.93,0
653,2018-05-13 12:16:21,0.6281,21,21.84,58,0,1003.90,0
654,2018-05-13 12:16:26,0.6281,21,21.84,58,0,1003.84,0
655,2018-05-13 12:16:30,0.6281,21,21.85,58,0,1003.93,0
656,2018-05-13 12:16:34,0.6281,21,21.84,58,0,1003.90,0
657,2018-05-13 12:16:39,0.6281,21,21.85,58,0,1003.90,0
658,2018-05-13 12:16:43,0.6281,21,21.84,58,0,1003.93,0
659,2018-05-13 12:16:48,0.6281,21,21.84,58,0,1003.81,0
660,2018-05-13 12:16:53,0.6281,21,21.85,58,0,1003.82,0
661,2018-05-13 12:16:57,0.6281,21,21.85,58,0,1003.84,0
662,2018-05-13 12:17:01,0.6281,21,21.86,58,0,1003.84,0
663,2018-05-13 12:17:06,0.6281,21,21.85,58,0,1003.90,0
664,2018-05-13 12:17:10,0.6281,21,21.84,58,0,1003.90,0
665,2018-05-13 12:17:14,0.6281,21,21.86,58,0,1003.84,0
666,2018-05-13 12:17:20,0.6281,21,21.86,58,0,1003.84,0
667,2018-05-13 12:17:24,0.6281,21,21.85,58,0,1003.84,0
668,2018-05-13 12:17:28,0.6268,21,21.85,58,0,1003.87,0
669,2018-05-13 12:17:33,0.6228,21,21.84,58,0,1003.90,0
670,2018-05-13 12:17:37,0.6228,21,21.86,58,0,1003.84,0
671,2018-05-13 12:17:41,0.6228,21,21.86,58,0,1003.87,0
672,2018-05-13 12:17:46,0.6228,21,21.86,58,0,1003.84,0
673,2018-05-13 12:17:51,0.6228,21,21.85,58,0,1003.82,0
674,2018-05-13 12:17:55,0.6228,21,21.85,58,0,1003.87,0
675,2018-05-13 12:18:00,0.6228,21,21.86,58,0,1003.93,0
676,2018-05-13 12:18:04,0.6268,21,21.86,58,0,1003.90,0
677,2018-05-13 12:18:08,0.6281,21,21.86,58,0,1003.79,0
678,2018-05-13 12:18:13,0.6281,21,21.86,58,0,1003.82,0
679,2018-05-13 12:18:17,0.6281,21,21.87,58,0,1003.90,0
680,2018-05-13 12:18:21,0.6255,21,21.86,58,0,1003.84,0
681,2018-05-13 12:18:27,0.6228,21,21.86,58,0,1003.90,0
682,2018-05-13 12:18:31,0.6228,21,21.86,58,0,1003.79,0
683,2018-05-13 12:18:35,0.6228,21,21.86,57,0,1003.76,0
684,2018-05-13 12:18:40,0.6241,21,21.87,58,0,1003.82,0
685,2018-05-13 12:18:44,0.6255,21,21.86,58,0,1003.84,0
686,2018-05-13 12:18:48,0.6281,21,21.87,58,0,1003.85,0
687,2018-05-13 12:18:53,0.6281,21,21.85,57,0,1003.79,0
688,2018-05-13 12:18:57,0.6281,21,21.86,57,0,1003.84,0
689,2018-05-13 12:19:02,0.6281,21,21.86,58,0,1003.84,0
690,2018-05-13 12:19:07,0.6281,21,21.87,58,0,1003.87,0
691,2018-05-13 12:19:11,0.6281,21,21.86,57,0,1003.87,0
692,2018-05-13 12:19:15,0.6281,21,21.86,58,0,1003.79,0
693,2018-05-13 12:19:20,0.6281,21,21.87,58,0,1003.87,0
694,2018-05-13 12:19:24,0.6281,21,21.86,58,0,1003.84,0
695,2018-05-13 12:19:28,0.6281,21,21.86,58,0,1003.82,0
696,2018-05-13 12:19:34,0.6281,21,21.86,58,0,1003.82,0
697,2018-05-13 12:19:38,0.6281,21,21.86,58,0,1003.76,0
698,2018-05-13 12:19:42,0.6281,21,21.86,58,0,1003.82,0
699,2018-05-13 12:19:47,0.6281,21,21.86,58,0,1003.82,0
700,2018-05-13 12:19:51,0.6281,21,21.86,58,0,1003.84,0
701,2018-05-13 12:19:55,0.6281,21,21.87,58,0,1003.82,0
702,2018-05-13 12:20:01,0.6281,21,21.87,58,0,1003.90,0
703,2018-05-13 12:20:05,0.6281,21,21.86,58,0,1003.76,0
704,2018-05-13 12:20:09,0.6281,21,21.86,58,0,1003.87,0
705,2018-05-13 12:20:14,0.6281,21,21.86,58,0,1003.79,0
706,2018-05-13 12:20:18,0.6281,21,21.87,58,0,1003.82,0
707,2018-05-13 12:20:22,0.6281,21,21.86,58,0,1003.82,0
708,2018-05-13 12:20:27,0.6281,21,21.86,58,0,1003.84,0
709,2018-05-13 12:20:31,0.6281,21,21.87,58,0,1003.82,0
710,2018-05-13 12:20:35,0.6281,21,21.86,58,0,1003.82,0
711,2018-05-13 12:20:41,0.6281,21,21.85,58,0,1003.79,0
712,2018-05-13 12:20:45,0.6281,21,21.85,58,0,1003.76,0
713,2018-05-13 12:20:49,0.6281,21,21.85,58,0,1003.87,0
714,2018-05-13 12:20:54,0.6281,21,21.86,58,0,1003.82,0
715,2018-05-13 12:20:58,0.6281,21,21.86,58,0,1003.84,0
716,2018-05-13 12:21:02,0.6281,21,21.86,58,0,1003.73,0
717,2018-05-13 12:21:08,0.6281,21,21.85,58,0,1003.82,0
718,2018-05-13 12:21:12,0.6281,21,21.86,58,0,1003.82,0
719,2018-05-13 12:21:16,0.6281,21,21.85,58,0,1003.82,0
720,2018-05-13 12:21:21,0.6281,21,21.86,58,0,1003.79,0
721,2018-05-13 12:21:25,0.6281,21,21.86,58,0,1003.82,0
722,2018-05-13 12:21:29,0.6281,21,21.85,58,0,1003.82,0
723,2018-05-13 12:21:34,0.6281,21,21.85,58,0,1003.84,0
724,2018-05-13 12:21:38,0.6281,21,21.85,58,0,1003.82,0
725,2018-05-13 12:21:42,0.6281,21,21.85,58,0,1003.82,0
726,2018-05-13 12:21:48,0.6281,21,21.85,58,0,1003.73,0
727,2018-05-13 12:21:52,0.6281,21,21.85,58,0,1003.79,0
728,2018-05-13 12:21:56,0.6281,21,21.85,58,0,1003.79,0
729,2018-05-13 12:22:01,0.6281,21,21.84,58,0,1003.84,0
730,2018-05-13 12:22:05,0.6281,21,21.85,58,0,1003.84,0
731,2018-05-13 12:22:09,0.6281,21,21.86,58,0,1003.87,0
732,2018-05-13 12:22:15,0.6281,21,21.85,58,0,1003.76,0
733,2018-05-13 12:22:19,0.6281,21,21.86,58,0,1003.79,0
734,2018-05-13 12:22:23,0.6281,21,21.86,58,0,1003.82,0
735,2018-05-13 12:22:28,0.6281,21,21.85,58,0,1003.82,0
736,2018-05-13 12:22:32,0.6281,21,21.85,58,0,1003.82,0
737,2018-05-13 12:22:36,0.6281,21,21.85,58,0,1003.79,0
738,2018-05-13 12:22:41,0.6281,21,21.86,58,0,1003.87,0
739,2018-05-13 12:22:45,0.6281,21,21.86,58,0,1003.79,0
740,2018-05-13 12:22:49,0.6281,21,21.86,58,0,1003.82,0
741,2018-05-13 12:22:55,0.6281,21,21.86,58,0,1003.84,0
742,2018-05-13 12:22:59,0.6281,21,21.86,58,0,1003.84,0
743,2018-05-13 12:23:03,0.6281,21,21.86,58,0,1003.79,0
744,2018-05-13 12:23:08,0.6281,21,21.85,58,0,1003.87,0
745,2018-05-13 12:23:12,0.6281,21,21.86,58,0,1003.79,0
746,2018-05-13 12:23:16,0.6308,21,21.87,58,0,1003.85,0
747,2018-05-13 12:23:22,0.6321,21,21.86,58,0,1003.79,0
748,2018-05-13 12:23:26,0.6321,21,21.87,58,0,1003.79,0
749,2018-05-13 12:23:30,0.6321,21,21.85,58,0,1003.82,0
750,2018-05-13 12:23:35,0.6321,21,21.87,58,0,1003.85,0
751,2018-05-13 12:23:39,0.6321,21,21.86,58,0,1003.84,0
752,2018-05-13 12:23:43,0.6321,21,21.86,58,0,1003.84,0
753,2018-05-13 12:23:48,0.6321,21,21.86,58,0,1003.82,0
754,2018-05-13 12:23:52,0.6295,21,21.86,58,0,1003.87,0
755,2018-05-13 12:23:56,0.6281,21,21.86,58,0,1003.76,0
756,2018-05-13 12:24:02,0.6281,21,21.86,58,0,1003.82,0
757,2018-05-13 12:24:06,0.6281,21,21.87,58,0,1003.82,0
758,2018-05-13 12:24:10,0.6281,21,21.86,58,0,1003.76,0
759,2018-05-13 12:24:15,0.6321,21,21.87,58,0,1003.82,0
760,2018-05-13 12:24:19,0.6321,21,21.87,58,0,1003.82,0
761,2018-05-13 12:24:23,0.6321,21,21.86,58,0,1003.79,0
762,2018-05-13 12:24:29,0.6321,21,21.86,58,0,1003.82,0
763,2018-05-13 12:24:33,0.6321,21,21.87,58,0,1003.82,0
764,2018-05-13 12:24:37,0.6321,21,21.86,58,0,1003.90,0
765,2018-05-13 12:24:42,0.6321,21,21.87,58,0,1003.85,0
766,2018-05-13 12:24:46,0.6321,21,21.86,58,0,1003.82,0
767,2018-05-13 12:24:50,0.6321,21,21.86,58,0,1003.82,0
768,2018-05-13 12:24:55,0.6321,21,21.87,58,0,1003.85,0
769,2018-05-13 12:24:59,0.6321,21,21.87,58,0,1003.85,0
770,2018-05-13 12:25:03,0.6321,21,21.87,58,0,1003.76,0
771,2018-05-13 12:25:09,0.6321,21,21.88,58,0,1003.85,0
772,2018-05-13 12:25:13,0.6321,21,21.87,58,0,1003.82,0
773,2018-05-13 12:25:17,0.6295,21,21.87,58,0,1003.85,0
774,2018-05-13 12:25:22,0.6281,21,21.87,58,0,1003.79,0
775,2018-05-13 12:25:26,0.6281,21,21.86,58,0,1003.79,0
776,2018-05-13 12:25:30,0.6281,21,21.86,58,0,1003.82,0
777,2018-05-13 12:25:36,0.6281,21,21.86,58,0,1003.82,0
778,2018-05-13 12:25:40,0.6281,21,21.87,58,0,1003.85,0
779,2018-05-13 12:25:44,0.6281,21,21.86,58,0,1003.82,0
780,2018-05-13 12:25:49,0.6281,21,21.87,58,0,1003.79,0
781,2018-05-13 12:25:53,0.6281,21,21.87,58,0,1003.90,0
782,2018-05-13 12:25:57,0.6281,21,21.87,58,0,1003.79,0
783,2018-05-13 12:26:02,0.6308,21,21.87,58,0,1003.85,0
784,2018-05-13 12:26:06,0.6321,21,21.87,58,0,1003.85,0
785,2018-05-13 12:26:10,0.6321,21,21.87,58,0,1003.85,0
786,2018-05-13 12:26:16,0.6321,21,21.87,57,0,1003.82,0
787,2018-05-13 12:26:20,0.6321,21,21.88,58,0,1003.85,0
788,2018-05-13 12:26:24,0.6321,21,21.87,58,0,1003.85,0
789,2018-05-13 12:26:29,0.6295,21,21.88,58,0,1003.79,0
790,2018-05-13 12:26:33,0.6281,21,21.87,58,0,1003.85,0
791,2018-05-13 12:26:37,0.6281,21,21.88,58,0,1003.82,0
792,2018-05-13 12:26:43,0.6281,21,21.88,58,0,1003.90,0
793,2018-05-13 12:26:47,0.6281,21,21.88,58,0,1003.90,0
794,2018-05-13 12:26:51,0.6281,21,21.87,58,0,1003.82,0
795,2018-05-13 12:26:56,0.6281,21,21.87,58,0,1003.82,0
796,2018-05-13 12:27:00,0.6281,21,21.87,58,0,1003.82,0
797,2018-05-13 12:27:04,0.6281,21,21.87,58,0,1003.85,0
798,2018-05-13 12:27:09,0.6281,21,21.88,58,0,1003.85,0
799,2018-05-13 12:27:13,0.6281,21,21.87,58,0,1003.76,0
800,2018-05-13 12:27:17,0.6281,21,21.88,58,0,1003.82,0
801,2018-05-13 12:27:23,0.6281,21,21.88,58,0,1003.82,0
802,2018-05-13 12:27:27,0.6281,21,21.88,58,0,1003.79,0
803,2018-05-13 12:27:31,0.6281,21,21.88,58,0,1003.87,0
804,2018-05-13 12:27:36,0.6281,21,21.88,58,0,1003.87,0
805,2018-05-13 12:27:40,0.6281,21,21.87,57,0,1003.82,0
806,2018-05-13 12:27:44,0.6281,21,21.88,58,0,1003.85,0
807,2018-05-13 12:27:50,0.6281,21,21.88,58,0,1003.87,0
808,2018-05-13 12:27:54,0.6281,21,21.87,58,0,1003.85,0
809,2018-05-13 12:27:58,0.6281,21,21.88,58,0,1003.82,0
810,2018-05-13 12:28:03,0.6281,21,21.88,58,0,1003.79,0
811,2018-05-13 12:28:07,0.6281,21,21.88,58,0,1003.82,0
812,2018-05-13 12:28:11,0.6281,21,21.88,58,0,1003.85,0
813,2018-05-13 12:28:16,0.6281,21,21.88,57,0,1003.85,0
814,2018-05-13 12:28:20,0.6281,21,21.89,58,0,1003.88,0
815,2018-05-13 12:28:24,0.6281,21,21.88,58,0,1003.85,0
816,2018-05-13 12:28:30,0.6281,21,21.88,58,0,1003.85,0
817,2018-05-13 12:28:34,0.6281,21,21.89,58,0,1003.79,0
818,2018-05-13 12:28:38,0.6281,21,21.88,58,0,1003.79,0
819,2018-05-13 12:28:43,0.6281,21,21.88,58,0,1003.79,0
820,2018-05-13 12:28:47,0.6281,21,21.88,58,0,1003.85,0
821,2018-05-13 12:28:51,0.6281,21,21.89,58,0,1003.85,0
822,2018-05-13 12:28:57,0.6281,21,21.87,58,0,1003.87,0
823,2018-05-13 12:29:01,0.6281,21,21.88,58,0,1003.79,0
824,2018-05-13 12:29:05,0.6281,21,21.88,58,0,1003.87,0
825,2018-05-13 12:29:10,0.6281,21,21.88,58,0,1003.85,0
826,2018-05-13 12:29:14,0.6281,21,21.88,58,0,1003.79,0
827,2018-05-13 12:29:18,0.6281,21,21.87,58,0,1003.87,0
828,2018-05-13 12:29:23,0.6281,21,21.88,58,0,1003.82,0
829,2018-05-13 12:29:27,0.6281,21,21.88,58,0,1003.90,0
830,2018-05-13 12:29:32,0.6295,21,21.88,58,34,1003.85,0
831,2018-05-13 12:29:37,0.6321,21,21.89,58,0,1003.93,0
832,2018-05-13 12:29:41,0.6321,21,21.88,58,0,1003.82,0
833,2018-05-13 12:29:45,0.6308,21,21.88,58,0,1003.82,0
834,2018-05-13 12:29:50,0.6255,21,21.88,58,0,1003.82,0
835,2018-05-13 12:29:54,0.6201,21,21.88,58,0,1003.85,0
836,2018-05-13 12:29:58,0.6121,21,21.89,58,0,1003.85,0
837,2018-05-13 12:30:04,0.6054,21,21.89,58,0,1003.88,0
838,2018-05-13 12:30:08,0.6013,21,21.89,58,0,1003.90,0
839,2018-05-13 12:30:12,0.5973,21,21.89,58,0,1003.90,0
840,2018-05-13 12:30:17,0.5893,21,21.89,58,0,1003.79,0
841,2018-05-13 12:30:21,0.5839,21,21.89,58,0,1003.90,0
842,2018-05-13 12:30:25,0.5813,21,21.89,58,0,1003.82,0
843,2018-05-13 12:30:30,0.5759,21,21.89,58,0,1003.85,0
844,2018-05-13 12:30:35,0.5719,21,21.89,58,0,1003.85,0
845,2018-05-13 12:30:39,0.5705,21,21.90,58,0,1003.85,0
846,2018-05-13 12:30:44,0.5679,21,21.90,58,0,1003.85,0
847,2018-05-13 12:30:48,0.5665,21,21.89,58,0,1003.90,0
848,2018-05-13 12:30:52,0.5665,21,21.89,58,0,1003.85,0
849,2018-05-13 12:30:57,0.5638,21,21.89,58,0,1003.88,0
850,2018-05-13 12:31:01,0.5612,21,21.89,58,0,1003.85,0
851,2018-05-13 12:31:05,0.5585,21,21.90,58,0,1003.90,0
852,2018-05-13 12:31:11,0.5571,21,21.90,58,0,1003.85,0
853,2018-05-13 12:31:15,0.5545,21,21.90,58,0,1003.88,0
854,2018-05-13 12:31:19,0.5531,21,21.90,58,0,1003.85,0
855,2018-05-13 12:31:24,0.5518,21,21.90,58,0,1003.82,0
856,2018-05-13 12:31:28,0.5491,21,21.89,58,0,1003.85,0
857,2018-05-13 12:31:32,0.5491,21,21.90,58,0,1003.90,0
858,2018-05-13 12:31:37,0.5491,21,21.89,58,0,1003.85,0
859,2018-05-13 12:31:42,0.5491,21,21.91,58,0,1003.88,0
860,2018-05-13 12:31:46,0.5478,21,21.90,58,0,1003.88,0
861,2018-05-13 12:31:51,0.5451,21,21.91,58,0,1003.88,0
862,2018-05-13 12:31:55,0.5451,21,21.91,58,0,1003.88,0
863,2018-05-13 12:31:59,0.5451,21,21.90,58,0,1003.85,0
864,2018-05-13 12:32:04,0.5397,21,21.91,58,0,1003.82,0
865,2018-05-13 12:32:08,0.5397,21,21.91,58,0,1003.85,0
866,2018-05-13 12:32:12,0.5397,21,21.91,58,0,1003.82,0
867,2018-05-13 12:32:18,0.5397,21,21.91,58,0,1003.82,0
868,2018-05-13 12:32:22,0.5397,21,21.92,58,0,1003.79,0
869,2018-05-13 12:32:26,0.5397,21,21.90,58,0,1003.88,0
870,2018-05-13 12:32:31,0.5384,21,21.91,58,0,1003.85,0
871,2018-05-13 12:32:35,0.5357,21,21.91,58,0,1003.79,0
872,2018-05-13 12:32:39,0.5357,21,21.91,58,0,1003.82,0
873,2018-05-13 12:32:44,0.5357,21,21.92,58,0,1003.82,0
874,2018-05-13 12:32:49,0.5357,21,21.91,58,0,1003.82,0
875,2018-05-13 12:32:53,0.5357,21,21.92,58,0,1003.79,0
876,2018-05-13 12:32:58,0.5357,21,21.91,58,0,1003.79,0
877,2018-05-13 12:33:02,0.5357,21,21.92,58,0,1003.85,0
878,2018-05-13 12:33:06,0.5357,21,21.92,58,0,1003.74,0
879,2018-05-13 12:33:11,0.5357,21,21.92,58,0,1003.85,0
880,2018-05-13 12:33:15,0.5357,21,21.92,58,0,1003.79,0
881,2018-05-13 12:33:19,0.5344,21,21.92,58,0,1003.79,0
882,2018-05-13 12:33:25,0.5317,21,21.92,58,0,1003.79,0
883,2018-05-13 12:33:29,0.5317,21,21.92,58,0,1003.79,0
884,2018-05-13 12:33:33,0.5317,21,21.93,58,0,1003.82,0
885,2018-05-13 12:33:38,0.5317,21,21.93,58,0,1003.77,0
886,2018-05-13 12:33:42,0.5317,21,21.93,58,0,1003.77,0
887,2018-05-13 12:33:46,0.5317,21,21.92,58,0,1003.85,0
888,2018-05-13 12:33:52,0.5317,21,21.93,58,0,1003.85,0
889,2018-05-13 12:33:56,0.5317,21,21.92,58,0,1003.77,0
890,2018-05-13 12:34:00,0.5317,21,21.93,58,0,1003.80,0
891,2018-05-13 12:34:05,0.5317,21,21.94,58,0,1003.82,0
892,2018-05-13 12:34:09,0.5317,21,21.93,58,0,1003.80,0
893,2018-05-13 12:34:13,0.5317,21,21.93,58,0,1003.85,0
894,2018-05-13 12:34:18,0.5317,21,21.93,58,0,1003.85,0
895,2018-05-13 12:34:22,0.5317,21,21.94,58,0,1003.80,0
896,2018-05-13 12:34:26,0.5317,21,21.94,58,0,1003.80,0
897,2018-05-13 12:34:32,0.5317,21,21.93,58,0,1003.85,0
898,2018-05-13 12:34:36,0.5317,21,21.93,58,0,1003.80,0
899,2018-05-13 12:34:40,0.5317,21,21.94,58,0,1003.80,0
900,2018-05-13 12:34:45,0.5317,21,21.94,58,0,1003.80,0
901,2018-05-13 12:34:49,0.5317,21,21.94,58,0,1003.80,0
902,2018-05-13 12:34:53,0.5317,21,21.93,58,0,1003.77,0
903,2018-05-13 12:34:59,0.5317,21,21.93,58,0,1003.80,0
904,2018-05-13 12:35:03,0.5317,21,21.94,58,0,1003.80,0
905,2018-05-13 12:35:07,0.5317,21,21.93,58,0,1003.77,0
906,2018-05-13 12:35:12,0.5317,21,21.94,58,0,1003.82,0
907,2018-05-13 12:35:16,0.5317,21,21.94,58,0,1003.85,0
908,2018-05-13 12:35:20,0.5317,21,21.94,58,0,1003.82,0
909,2018-05-13 12:35:25,0.5317,21,21.95,58,0,1003.83,0
910,2018-05-13 12:35:29,0.5317,21,21.95,58,0,1003.85,0
911,2018-05-13 12:35:33,0.5317,21,21.93,58,0,1003.85,0
912,2018-05-13 12:35:39,0.5317,21,21.94,58,0,1003.85,0
913,2018-05-13 12:35:43,0.5344,21,21.94,58,0,1003.88,0
914,2018-05-13 12:35:47,0.5357,21,21.94,58,0,1003.82,0
915,2018-05-13 12:35:52,0.5357,21,21.94,58,0,1003.80,0
916,2018-05-13 12:35:56,0.5357,21,21.93,58,0,1003.77,0
917,2018-05-13 12:36:00,0.5357,21,21.94,58,0,1003.80,0
918,2018-05-13 12:36:06,0.5357,21,21.94,58,0,1003.82,0
919,2018-05-13 12:36:10,0.5357,21,21.94,58,0,1003.80,0
920,2018-05-13 12:36:14,0.5357,21,21.93,58,0,1003.77,0
921,2018-05-13 12:36:19,0.5357,21,21.94,58,0,1003.85,0
922,2018-05-13 12:36:23,0.5357,21,21.95,58,0,1003.91,0
923,2018-05-13 12:36:27,0.5357,21,21.94,58,0,1003.71,0
924,2018-05-13 12:36:32,0.5357,21,21.94,58,0,1003.74,0
925,2018-05-13 12:36:36,0.5357,21,21.95,58,0,1003.88,0
926,2018-05-13 12:36:40,0.5357,21,21.94,58,0,1003.82,0
927,2018-05-13 12:36:46,0.5357,21,21.94,58,0,1003.80,0
928,2018-05-13 12:36:50,0.5357,21,21.94,58,0,1003.85,0
929,2018-05-13 12:36:54,0.5357,21,21.94,58,0,1003.80,0
930,2018-05-13 12:36:59,0.5357,21,21.94,58,0,1003.85,0
931,2018-05-13 12:37:03,0.5357,21,21.93,58,0,1003.80,0
932,2018-05-13 12:37:07,0.5371,21,21.94,58,0,1003.77,0
933,2018-05-13 12:37:13,0.5397,21,21.93,58,0,1003.85,0
934,2018-05-13 12:37:17,0.5397,21,21.93,58,0,1003.77,0
935,2018-05-13 12:37:21,0.5397,21,21.94,58,0,1003.85,0
936,2018-05-13 12:37:26,0.5397,21,21.96,58,0,1003.85,0
937,2018-05-13 12:37:30,0.5397,21,21.94,58,0,1003.85,0
938,2018-05-13 12:37:34,0.5397,21,21.93,58,0,1003.85,0
939,2018-05-13 12:37:39,0.5397,21,21.94,58,0,1003.82,0
940,2018-05-13 12:37:43,0.5397,21,21.93,58,0,1003.82,0
941,2018-05-13 12:37:47,0.5397,21,21.94,58,0,1003.85,0
942,2018-05-13 12:37:53,0.5397,21,21.94,58,0,1003.80,0
943,2018-05-13 12:37:57,0.5397,21,21.95,58,0,1003.85,0
944,2018-05-13 12:38:01,0.5397,21,21.95,58,0,1003.85,0
945,2018-05-13 12:38:06,0.5397,21,21.94,58,0,1003.85,0
946,2018-05-13 12:38:10,0.5397,21,21.94,58,0,1003.88,0
947,2018-05-13 12:38:14,0.5397,21,21.95,58,0,1003.85,0
948,2018-05-13 12:38:20,0.5438,21,21.94,58,0,1003.82,0
949,2018-05-13 12:38:24,0.5451,21,21.93,58,0,1003.88,0
950,2018-05-13 12:38:28,0.5451,21,21.94,58,0,1003.91,0
951,2018-05-13 12:38:33,0.5451,21,21.94,58,0,1003.85,0
952,2018-05-13 12:38:37,0.5451,21,21.93,58,0,1003.82,0
953,2018-05-13 12:38:41,0.5451,21,21.94,58,0,1003.80,0
954,2018-05-13 12:38:46,0.5451,21,21.94,58,0,1003.85,0
955,2018-05-13 12:38:50,0.5451,21,21.92,58,0,1003.82,0
956,2018-05-13 12:38:54,0.5451,21,21.94,58,0,1003.82,0
957,2018-05-13 12:39:00,0.5491,21,21.93,58,0,1003.88,0
958,2018-05-13 12:39:04,0.5491,21,21.93,58,0,1003.88,0
959,2018-05-13 12:39:08,0.5491,21,21.94,58,0,1003.88,0
960,2018-05-13 12:39:13,0.5491,21,21.93,58,0,1003.82,0
961,2018-05-13 12:39:17,0.5491,21,21.94,58,0,1003.91,0
962,2018-05-13 12:39:21,0.5491,21,21.94,58,0,1003.88,0
963,2018-05-13 12:39:27,0.5491,21,21.94,58,0,1003.88,0
964,2018-05-13 12:39:31,0.5491,21,21.95,58,0,1003.94,0
965,2018-05-13 12:39:35,0.5491,21,21.93,58,0,1003.88,0
966,2018-05-13 12:39:40,0.5491,21,21.94,58,0,1003.88,0
967,2018-05-13 12:39:44,0.5491,21,21.94,58,0,1003.91,0
968,2018-05-13 12:39:48,0.5491,21,21.94,58,0,1003.91,0
969,2018-05-13 12:39:53,0.5491,21,21.94,58,0,1003.94,0
970,2018-05-13 12:39:57,0.5491,21,21.94,58,0,1003.96,0
971,2018-05-13 12:40:01,0.5491,21,21.94,58,0,1003.94,0
972,2018-05-13 12:40:07,0.5491,21,21.94,58,0,1003.82,0
973,2018-05-13 12:40:11,0.5505,21,21.94,58,0,1003.88,0
974,2018-05-13 12:40:15,0.5531,21,21.94,58,0,1003.96,0
975,2018-05-13 12:40:20,0.5531,21,21.94,58,0,1003.94,0
976,2018-05-13 12:40:24,0.5531,21,21.93,58,0,1003.91,0
977,2018-05-13 12:40:28,0.5531,21,21.93,58,0,1003.82,0
978,2018-05-13 12:40:34,0.5531,21,21.94,58,0,1003.94,0
979,2018-05-13 12:40:38,0.5531,21,21.94,58,0,1003.88,0
980,2018-05-13 12:40:42,0.5531,21,21.94,58,0,1003.91,0
981,2018-05-13 12:40:47,0.5531,21,21.95,58,0,1003.97,0
982,2018-05-13 12:40:51,0.5545,21,21.94,58,0,1003.91,0
983,2018-05-13 12:40:55,0.5571,21,21.94,58,0,1003.91,0
984,2018-05-13 12:41:00,0.5571,21,21.94,58,0,1003.96,0
985,2018-05-13 12:41:04,0.5571,21,21.93,58,0,1003.91,0
986,2018-05-13 12:41:08,0.5571,21,21.93,58,0,1003.91,0
987,2018-05-13 12:41:14,0.5571,21,21.94,58,0,1003.91,0
988,2018-05-13 12:41:18,0.5571,21,21.94,58,0,1003.88,0
989,2018-05-13 12:41:22,0.5571,21,21.94,58,0,1003.88,0
990,2018-05-13 12:41:27,0.5571,21,21.93,58,0,1003.88,0
991,2018-05-13 12:41:31,0.5571,21,21.94,58,0,1003.88,0
992,2018-05-13 12:41:35,0.5571,21,21.92,58,0,1003.96,0
993,2018-05-13 12:41:41,0.5571,21,21.93,58,0,1003.88,0
994,2018-05-13 12:41:45,0.5571,21,21.94,58,0,1003.85,0
995,2018-05-13 12:41:49,0.5598,21,21.94,58,0,1003.85,0
996,2018-05-13 12:41:54,0.5598,21,21.94,58,0,1003.88,0
997,2018-05-13 12:41:58,0.5571,21,21.94,58,0,1003.88,0
998,2018-05-13 12:42:02,0.5571,21,21.94,58,0,1003.91,0
999,2018-05-13 12:42:08,0.5571,21,21.94,58,0,1003.88,0
1000,2018-05-13 12:42:12,0.5571,21,21.94,58,0,1003.94,0
1001,2018-05-13 12:42:16,0.5571,21,21.94,58,0,1003.88,0
1002,2018-05-13 12:42:21,0.5598,21,21.93,58,0,1003.91,0
1003,2018-05-13 12:42:25,0.5625,21,21.93,58,0,1003.96,0
1004,2018-05-13 12:42:29,0.5625,21,21.93,58,0,1003.91,0
1005,2018-05-13 12:42:34,0.5625,21,21.93,58,0,1003.88,0
1006,2018-05-13 12:42:38,0.5625,21,21.93,58,0,1003.88,0
1007,2018-05-13 12:42:42,0.5625,21,21.93,58,0,1003.91,0
1008,2018-05-13 12:42:48,0.5625,21,21.94,58,0,1003.88,0
1009,2018-05-13 12:42:52,0.5625,21,21.94,58,0,1004.02,0
1010,2018-05-13 12:42:56,0.5625,21,21.93,58,0,1003.94,0
1011,2018-05-13 12:43:01,0.5652,21,21.93,58,0,1003.96,0
1012,2018-05-13 12:43:05,0.5665,21,21.94,58,0,1003.91,0
1013,2018-05-13 12:43:09,0.5665,21,21.94,58,0,1003.91,0
1014,2018-05-13 12:43:15,0.5665,21,21.94,58,0,1004.05,0
1015,2018-05-13 12:43:19,0.5665,21,21.95,58,0,1003.94,0
1016,2018-05-13 12:43:23,0.5665,21,21.94,58,0,1003.91,0
1017,2018-05-13 12:43:28,0.5665,21,21.93,58,0,1003.94,0
1018,2018-05-13 12:43:32,0.5665,21,21.94,58,0,1003.91,0
1019,2018-05-13 12:43:36,0.5665,21,21.95,58,0,1003.97,0
1020,2018-05-13 12:43:41,0.5665,21,21.93,58,0,1003.94,0
1021,2018-05-13 12:43:45,0.5665,21,21.93,58,0,1003.88,0
1022,2018-05-13 12:43:49,0.5665,21,21.94,58,0,1003.88,0
1023,2018-05-13 12:43:55,0.5665,21,21.93,58,0,1003.85,0
1024,2018-05-13 12:43:59,0.5665,21,21.94,58,0,1004.02,0
1025,2018-05-13 12:44:03,0.5665,21,21.94,58,0,1003.91,0
1026,2018-05-13 12:44:08,0.5665,21,21.93,58,0,1003.91,0
1027,2018-05-13 12:44:12,0.5665,21,21.94,58,0,1003.96,0
1028,2018-05-13 12:44:16,0.5679,21,21.94,58,0,1003.88,0
1029,2018-05-13 12:44:22,0.5705,21,21.94,58,0,1003.88,0
1030,2018-05-13 12:44:26,0.5705,21,21.95,58,0,1003.97,0
1031,2018-05-13 12:44:30,0.5705,21,21.93,58,0,1003.96,0
1032,2018-05-13 12:44:35,0.5705,21,21.94,58,0,1003.96,0
1033,2018-05-13 12:44:39,0.5705,21,21.94,58,0,1003.91,0
1034,2018-05-13 12:44:43,0.5705,21,21.94,58,0,1003.88,0
1035,2018-05-13 12:44:48,0.5705,21,21.94,58,0,1003.91,0
1036,2018-05-13 12:44:52,0.5705,21,21.94,58,0,1003.88,0
1037,2018-05-13 12:44:56,0.5705,21,21.94,58,0,1003.91,0
1038,2018-05-13 12:45:02,0.5732,21,21.95,58,0,1004.02,0
1039,2018-05-13 12:45:06,0.5746,21,21.94,58,0,1003.96,0
1040,2018-05-13 12:45:10,0.5746,21,21.94,58,0,1003.99,0
1041,2018-05-13 12:45:15,0.5746,21,21.94,58,0,1003.96,0
1042,2018-05-13 12:45:19,0.5746,21,21.94,58,0,1003.99,0
1043,2018-05-13 12:45:23,0.5746,21,21.94,58,0,1003.96,0
1044,2018-05-13 12:45:29,0.5746,21,21.94,58,0,1003.94,0
1045,2018-05-13 12:45:33,0.5746,21,21.95,58,0,1003.97,0
1046,2018-05-13 12:45:37,0.5746,21,21.94,58,0,1004.02,0
1047,2018-05-13 12:45:42,0.5746,21,21.95,58,0,1003.99,0
1048,2018-05-13 12:45:46,0.5746,21,21.95,58,0,1003.97,0
1049,2018-05-13 12:45:50,0.5746,21,21.95,58,0,1003.94,0
1050,2018-05-13 12:45:55,0.5746,21,21.95,58,0,1003.97,0
1051,2018-05-13 12:45:59,0.5746,21,21.96,58,0,1003.97,0
1052,2018-05-13 12:46:03,0.5746,21,21.95,58,0,1003.94,0
1053,2018-05-13 12:46:09,0.5746,21,21.95,58,0,1003.97,0
1054,2018-05-13 12:46:13,0.5746,21,21.95,58,0,1003.91,0
1055,2018-05-13 12:46:17,0.5772,21,21.96,58,0,1003.97,0
1056,2018-05-13 12:46:22,0.5799,21,21.96,58,0,1003.91,0
1057,2018-05-13 12:46:26,0.5799,21,21.95,58,0,1003.91,0
1058,2018-05-13 12:46:30,0.5799,21,21.96,58,0,1003.94,0
1059,2018-05-13 12:46:36,0.5799,21,21.96,58,0,1003.94,0
1060,2018-05-13 12:46:40,0.5799,21,21.96,58,0,1003.94,0
1061,2018-05-13 12:46:44,0.5799,21,21.96,58,0,1003.97,0
1062,2018-05-13 12:46:49,0.5799,21,21.97,58,0,1004.00,0
1063,2018-05-13 12:46:53,0.5799,21,21.97,58,0,1003.97,0
1064,2018-05-13 12:46:57,0.5799,21,21.96,58,0,1003.94,0
1065,2018-05-13 12:47:02,0.5799,21,21.96,58,0,1003.97,0
1066,2018-05-13 12:47:06,0.5799,21,21.97,58,0,1004.00,0
1067,2018-05-13 12:47:10,0.5799,21,21.96,58,0,1003.97,0
1068,2018-05-13 12:47:16,0.5799,21,21.98,58,0,1003.97,0
1069,2018-05-13 12:47:20,0.5826,21,21.96,58,0,1003.97,0
1070,2018-05-13 12:47:24,0.5839,21,21.97,58,0,1004.00,0
1071,2018-05-13 12:47:29,0.5839,21,21.97,58,0,1003.94,0
1072,2018-05-13 12:47:33,0.5839,21,21.96,58,0,1003.97,0
1073,2018-05-13 12:47:37,0.5839,21,21.97,58,0,1003.97,0
1074,2018-05-13 12:47:43,0.5839,21,21.98,58,0,1003.94,0
1075,2018-05-13 12:47:47,0.5839,21,21.98,58,0,1004.00,0
1076,2018-05-13 12:47:51,0.5839,21,21.98,58,0,1003.97,0
1077,2018-05-13 12:47:56,0.5839,21,21.98,58,0,1003.94,0
1078,2018-05-13 12:48:00,0.5839,21,21.99,58,0,1004.00,0
1079,2018-05-13 12:48:04,0.5839,21,21.99,58,0,1003.97,0
1080,2018-05-13 12:48:09,0.5839,21,21.99,58,0,1003.94,0
1081,2018-05-13 12:48:13,0.5839,21,21.99,58,0,1003.91,0
1082,2018-05-13 12:48:17,0.5839,21,21.99,58,0,1003.89,0
1083,2018-05-13 12:48:23,0.5853,21,21.99,58,0,1003.91,0
1084,2018-05-13 12:48:27,0.5880,21,21.99,58,0,1003.94,0
1085,2018-05-13 12:48:31,0.5880,21,21.99,58,0,1003.91,0
1086,2018-05-13 12:48:36,0.5880,21,21.99,58,0,1003.91,0
1087,2018-05-13 12:48:40,0.5880,21,21.99,58,0,1003.91,0
1088,2018-05-13 12:48:44,0.5880,21,21.99,58,0,1003.97,0
1089,2018-05-13 12:48:50,0.5906,21,21.99,58,0,1003.94,0
1090,2018-05-13 12:48:54,0.5933,21,22.00,58,0,1004.03,0
